<?xml version="1.0"?>
<opencv_storage>
<Camera_matrix type_id="opencv-matrix">
  <rows>3</rows>
  <cols>3</cols>
  <dt>d</dt>
  <data>
    7.7578407880995803e+02 0. 6.5078151438835505e+02 0.
    7.7568713414484660e+02 3.4624145573645836e+02 0. 0. 1.</data></Camera_matrix>
<Distortion_matrix type_id="opencv-matrix">
  <rows>1</rows>
  <cols>5</cols>
  <dt>d</dt>
  <data>
    -6.6963153108653833e-02 5.8500560405864321e-01
    -3.7277963577150332e-03 6.1352408194576533e-04
    -1.0816003001389893e+00</data></Distortion_matrix>
</opencv_storage>
